# This spectrum, originally implemented in Aug 1998, was replaced 
# in March 2004 by a more recent spectrum of Vega based on STIS 
# observations and a 2003 Kurucz model.
#....................................................................
# Vega spectrum from 1993 Kurucz models (crgrid$k93models/standards/vega)
# 
# Teff =   9550.000     log g =   3.950000     log z = -0.5000000E+00
#  V = +0.034 mag   (measured from spectrum, assuming 3670 Jy for V=0)
#
#      WAVELENGTH            FLUX
#       angstroms            flam
            506.    4.2136478E-23
            512.    7.4453424E-23
            520.    1.3974105E-22
            530.    3.0291926E-22
            540.    6.2732728E-22
            550.    1.2630835E-21
            560.    2.4763277E-21
            570.    4.7341158E-21
            580.    8.8368585E-21
            590.    1.6127371E-20
            600.    2.8806620E-20
            610.    5.0416474E-20
            620.    8.6543785E-20
            630.    1.4584244E-19
            640.    2.4150432E-19
            650.    3.9326981E-19
            658.    5.7426859E-19
            665.    7.9333590E-19
            675.    1.2431591E-18
            685.    1.9204642E-18
            695.    2.9269126E-18
            705.    2.4264433E-19
            716.    3.5350750E-19
            726.    4.9131520E-19
            735.    6.5497882E-19
            745.    8.9269652E-19
            755.    1.2051743E-18
            765.    1.6121602E-18
            775.    2.1370875E-18
            785.    2.8093198E-18
            795.    3.6405137E-18
            805.    4.7270990E-18
            815.    6.0747867E-18
            825.    7.7404733E-18
            835.    9.7860909E-18
            845.    1.2309594E-17
            855.    1.5369995E-17
            865.    1.9069660E-17
            875.    2.3487625E-17
            885.    2.8831734E-17
            895.    3.5154974E-17
            905.    4.2488837E-17
            915.    9.7567379E-15
            925.    5.9341285E-14
            935.    1.0028124E-13
            945.    1.6842708E-13
            955.    2.4477290E-13
            965.    3.2303099E-13
            975.    2.7816098E-13
            985.    4.6489998E-13
            995.    5.1749918E-13
           1005.    6.5249634E-13
           1015.    7.4090365E-13
           1025.    4.9716264E-13
           1035.    9.5417912E-13
           1045.    1.1771816E-12
           1055.    1.3511058E-12
           1065.    1.4787929E-12
           1075.    1.7333950E-12
           1085.    1.9429892E-12
           1095.    2.0996893E-12
           1105.    6.9727717E-11
           1115.    2.1103359E-10
           1125.    2.6502259E-10
           1135.    2.8517752E-10
           1145.    2.1842655E-10
           1155.    1.7983941E-10
           1165.    1.2240815E-10
           1175.    4.6682869E-11
           1185.    1.5367544E-11
           1195.    6.7037925E-12
           1205.    5.5972137E-12
           1215.    1.6059307E-12
           1225.    6.1294767E-12
           1235.    1.2506997E-11
           1245.    3.4772900E-11
           1255.    1.7584161E-10
           1265.    3.2774544E-10
           1275.     1.1790839E-9
           1285.     2.1734163E-9
           1295.     2.7195668E-9
           1305.     2.1611732E-9
           1315.     3.6411760E-9
           1325.     4.2225117E-9
           1335.     4.1598849E-9
           1345.     5.2666129E-9
           1355.     5.0181943E-9
           1365.     4.6727084E-9
           1375.     5.3242157E-9
           1385.     5.2940852E-9
           1395.     5.8317324E-9
           1405.     5.8393383E-9
           1415.     5.3598765E-9
           1425.     5.8197256E-9
           1435.     5.3010627E-9
           1442.     5.9645919E-9
           1447.     6.5175243E-9
           1455.     6.5036767E-9
           1465.     5.8359491E-9
           1475.     5.6887175E-9
           1485.     6.0370584E-9
           1495.     6.4494987E-9
           1505.     6.6127686E-9
           1512.     6.0769527E-9
           1517.     6.5174333E-9
           1525.     5.7723306E-9
           1535.     5.2522902E-9
           1545.     6.3283574E-9
           1555.     5.7726783E-9
           1565.     5.3033418E-9
           1575.     5.9120531E-9
           1585.     6.2979915E-9
           1595.     6.7320984E-9
           1605.     6.3113150E-9
           1615.     6.1842864E-9
           1625.     5.5771099E-9
           1635.     5.9876646E-9
           1645.     6.2559851E-9
           1655.     5.0104947E-9
           1665.     6.1690497E-9
           1672.     4.6111222E-9
           1677.     5.7877689E-9
           1685.     6.3605241E-9
           1695.     5.8209739E-9
           1705.     5.6285288E-9
           1715.     5.7197402E-9
           1725.     5.6227103E-9
           1735.     5.9257110E-9
           1745.     5.7548237E-9
           1755.     6.2370979E-9
           1765.     5.3977804E-9
           1775.     5.9697038E-9
           1785.     5.8929897E-9
           1795.     6.3644414E-9
           1805.     6.1212946E-9
           1815.     6.0066685E-9
           1825.     5.7918310E-9
           1835.     5.6373959E-9
           1845.     5.2040026E-9
           1855.     5.4711493E-9
           1865.     5.4978924E-9
           1875.     5.6843148E-9
           1885.     5.6460183E-9
           1895.     5.6206244E-9
           1905.     5.3647895E-9
           1915.     5.5516880E-9
           1925.     5.5826681E-9
           1935.     5.3956000E-9
           1945.     5.7016902E-9
           1955.     5.6222098E-9
           1967.     5.7416729E-9
           1976.     5.6146816E-9
           1984.     5.4876610E-9
           1995.     5.3290488E-9
           2005.     5.2341798E-9
           2015.     5.0869580E-9
           2025.     5.0263131E-9
           2035.     5.1724856E-9
           2045.     5.3330664E-9
           2055.     5.1251265E-9
           2065.     5.0433684E-9
           2074.     5.2446376E-9
           2078.     5.3432339E-9
           2085.     5.2875033E-9
           2095.     5.0972053E-9
           2105.     4.9690474E-9
           2115.     4.9722564E-9
           2125.     5.0296860E-9
           2135.     4.4234163E-9
           2145.     4.8432214E-9
           2155.     4.8546034E-9
           2165.     4.6277706E-9
           2175.     4.5685011E-9
           2185.     4.5798516E-9
           2195.     4.8400213E-9
           2205.     4.6343800E-9
           2215.     4.3117905E-9
           2225.     4.2538795E-9
           2235.     4.6666826E-9
           2245.     4.2522972E-9
           2255.     4.1767421E-9
           2265.     4.1530677E-9
           2275.     4.3864379E-9
           2285.     4.5027901E-9
           2295.     4.2349524E-9
           2305.     4.2179367E-9
           2315.     4.0976991E-9
           2325.     3.4264014E-9
           2335.     3.9462620E-9
           2345.     3.6389052E-9
           2355.     4.0658592E-9
           2365.     3.6655359E-9
           2375.     3.8636170E-9
           2385.     3.4269247E-9
           2395.     3.7252874E-9
           2405.     3.5642915E-9
           2415.     3.6329062E-9
           2425.     3.8372701E-9
           2435.     3.6590988E-9
           2445.     3.8932306E-9
           2455.     3.7425427E-9
           2465.     3.7314281E-9
           2475.     3.5772081E-9
           2485.     3.7474002E-9
           2495.     3.6267815E-9
           2505.     3.9578509E-9
           2513.     3.6131651E-9
           2518.     3.6328727E-9
           2525.     3.4232130E-9
           2535.     3.3707765E-9
           2545.     3.3834582E-9
           2555.     3.6186583E-9
           2565.     3.6004819E-9
           2575.     3.8071577E-9
           2585.     3.8051438E-9
           2595.     3.7434726E-9
           2605.     3.5986250E-9
           2615.     3.5704684E-9
           2625.     3.7493035E-9
           2635.     3.7421874E-9
           2645.     4.0687396E-9
           2655.     4.0158481E-9
           2665.     3.7859169E-9
           2675.     3.8920889E-9
           2685.     3.8982981E-9
           2695.     3.7311705E-9
           2705.     3.7892431E-9
           2715.     3.6350254E-9
           2725.     3.6469405E-9
           2735.     3.8621355E-9
           2745.     3.3972136E-9
           2755.     3.4303980E-9
           2765.     3.5609058E-9
           2775.     3.7098586E-9
           2785.     3.6058305E-9
           2795.     2.5722722E-9
           2805.     2.8898333E-9
           2815.     3.7511363E-9
           2825.     3.7795993E-9
           2835.     3.6703742E-9
           2845.     3.5631684E-9
           2855.     3.4950773E-9
           2865.     3.6456440E-9
           2875.     3.5661143E-9
           2885.     3.6321979E-9
           2895.     3.5450043E-9
           2910.     3.7878181E-9
           2930.     3.6600387E-9
           2950.     3.6415817E-9
           2970.     3.6432359E-9
           2990.     3.6544920E-9
           3010.     3.6941310E-9
           3030.     3.6562566E-9
           3050.     3.6299002E-9
           3070.     3.5882350E-9
           3090.     3.6114725E-9
           3110.     3.5443120E-9
           3130.     3.5276588E-9
           3150.     3.5343133E-9
           3170.     3.5045653E-9
           3190.     3.3992018E-9
           3210.     3.4489605E-9
           3230.     3.3917649E-9
           3250.     3.4027892E-9
           3270.     3.4124141E-9
           3290.     3.4126666E-9
           3310.     3.4096668E-9
           3330.     3.3582543E-9
           3350.     3.3105405E-9
           3370.     3.3071006E-9
           3390.     3.2679899E-9
           3410.     3.2963485E-9
           3430.     3.2745704E-9
           3450.     3.2550462E-9
           3470.     3.2184113E-9
           3490.     3.2030096E-9
           3510.     3.2111727E-9
           3530.     3.2035061E-9
           3550.     3.1896650E-9
           3570.     3.1468477E-9
           3590.     3.1293581E-9
           3610.     3.1099021E-9
           3630.     3.0972707E-9
           3640.     3.0854108E-9
           3650.     3.1264646E-9
           3670.     3.0118341E-9
           3690.     2.7676872E-9
           3710.     3.0997909E-9
           3730.     3.2452137E-9
           3750.     4.1214290E-9
           3770.     4.3255817E-9
           3790.     5.4142095E-9
           3810.     6.4258203E-9
           3830.     5.0141442E-9
           3850.     7.1437358E-9
           3870.     8.1675564E-9
           3890.     4.2950741E-9
           3910.     8.1117895E-9
           3930.     8.0628544E-9
           3950.     8.0365963E-9
           3970.     4.0811443E-9
           3990.     7.6494731E-9
           4010.     8.5819645E-9
           4030.     8.5670555E-9
           4050.     8.4513276E-9
           4070.     8.0081657E-9
           4090.     6.0358483E-9
           4110.     4.5329704E-9
           4130.     7.5276683E-9
           4150.     7.8871105E-9
           4170.     7.8351112E-9
           4190.     7.7427185E-9
           4210.     7.6451050E-9
           4230.     7.4985076E-9
           4250.     7.4112134E-9
           4270.     7.2553537E-9
           4290.     7.1630044E-9
           4310.     6.7253709E-9
           4330.     4.8831383E-9
           4350.     4.1266728E-9
           4370.     6.4774639E-9
           4390.     6.6451249E-9
           4410.     6.6328814E-9
           4430.     6.5889059E-9
           4450.     6.5533881E-9
           4470.     6.4648180E-9
           4490.     6.3206556E-9
           4510.     6.2877890E-9
           4530.     6.2030092E-9
           4550.     6.0696101E-9
           4570.     6.0671508E-9
           4590.     5.9678462E-9
           4610.     5.9479701E-9
           4630.     5.8275273E-9
           4650.     5.7969274E-9
           4670.     5.7202736E-9
           4690.     5.6133542E-9
           4710.     5.4583369E-9
           4730.     5.5028764E-9
           4750.     5.4319904E-9
           4770.     5.3558069E-9
           4790.     5.2721156E-9
           4810.     5.1496745E-9
           4830.     4.8879838E-9
           4850.     3.7018657E-9
           4870.     2.9784881E-9
           4890.     4.5904986E-9
           4910.     4.8283835E-9
           4930.     4.7998090E-9
           4950.     4.7903050E-9
           4970.     4.7561968E-9
           4990.     4.6949697E-9
           5010.     4.6050306E-9
           5030.     4.5861004E-9
           5050.     4.5124056E-9
           5070.     4.4887405E-9
           5090.     4.4372346E-9
           5110.     4.3846899E-9
           5130.     4.3326489E-9
           5150.     4.2759756E-9
           5170.     4.1840607E-9
           5190.     4.1448205E-9
           5210.     4.1322474E-9
           5230.     4.0635650E-9
           5250.     4.0454311E-9
           5270.     3.9644381E-9
           5290.     3.9541348E-9
           5310.     3.8921213E-9
           5330.     3.8512398E-9
           5350.     3.8260239E-9
           5370.     3.7756931E-9
           5390.     3.7374690E-9
           5410.     3.6881633E-9
           5430.     3.6529291E-9
           5450.     3.6183474E-9
           5470.     3.5789991E-9
           5490.     3.5415277E-9
           5510.     3.5037322E-9
           5530.     3.4616336E-9
           5550.     3.4292660E-9
           5570.     3.3900887E-9
           5590.     3.3558130E-9
           5610.     3.3214922E-9
           5630.     3.2863152E-9
           5650.     3.2503760E-9
           5670.     3.2151533E-9
           5690.     3.1827356E-9
           5710.     3.1493259E-9
           5730.     3.1175897E-9
           5750.     3.0834515E-9
           5770.     3.0519653E-9
           5790.     3.0193004E-9
           5810.     2.9885412E-9
           5830.     2.9579248E-9
           5850.     2.9275198E-9
           5870.     2.8937148E-9
           5890.     2.8523888E-9
           5910.     2.8377507E-9
           5930.     2.8092342E-9
           5950.     2.7785847E-9
           5970.     2.7515732E-9
           5990.     2.7210019E-9
           6010.     2.6949978E-9
           6030.     2.6692786E-9
           6050.     2.6422378E-9
           6070.     2.6165770E-9
           6090.     2.5902469E-9
           6110.     2.5642677E-9
           6130.     2.5378226E-9
           6150.     2.4998812E-9
           6170.     2.4876454E-9
           6190.     2.4648608E-9
           6210.     2.4406139E-9
           6230.     2.4160232E-9
           6250.     2.3840689E-9
           6270.     2.3702564E-9
           6290.     2.3472606E-9
           6310.     2.3225062E-9
           6330.     2.3014126E-9
           6350.     2.2637816E-9
           6370.     2.2472180E-9
           6390.     2.2349542E-9
           6410.     2.2114934E-9
           6430.     2.1907214E-9
           6450.     2.1603515E-9
           6470.     2.1429247E-9
           6490.     2.1136961E-9
           6510.     2.0787512E-9
           6530.     2.0044706E-9
           6550.     1.7153282E-9
      6561.2476      1.3826502E-9
           6590.     1.8821873E-9
           6610.     1.9706885E-9
           6630.     1.9773905E-9
           6650.     1.9676893E-9
           6670.     1.9530064E-9
           6690.     1.9389881E-9
           6710.     1.9229651E-9
           6730.     1.9041975E-9
           6750.     1.8877298E-9
           6770.     1.8713715E-9
           6790.     1.8542062E-9
           6810.     1.8373618E-9
           6830.     1.8202297E-9
           6850.     1.8039661E-9
           6870.     1.7880102E-9
           6890.     1.7720606E-9
           6910.     1.7561177E-9
           6930.     1.7401828E-9
           6950.     1.7246934E-9
           6970.     1.7092562E-9
           6990.     1.6944952E-9
           7010.     1.6776309E-9
           7030.     1.6639689E-9
           7050.     1.6493963E-9
           7070.     1.6352431E-9
           7090.     1.6212234E-9
           7110.     1.6008380E-9
           7130.     1.5917776E-9
           7150.     1.5780205E-9
           7170.     1.5648479E-9
           7190.     1.5512078E-9
           7210.     1.5379656E-9
           7230.     1.5242175E-9
           7250.     1.5107312E-9
           7270.     1.4986574E-9
           7290.     1.4853246E-9
           7310.     1.4724666E-9
           7330.     1.4604250E-9
           7350.     1.4482321E-9
           7370.     1.4360201E-9
           7390.     1.4235324E-9
           7410.     1.4084665E-9
           7430.     1.3975793E-9
           7450.     1.3865773E-9
           7470.     1.3729820E-9
           7490.     1.3631082E-9
           7510.     1.3525299E-9
           7530.     1.3418379E-9
           7550.     1.3310750E-9
           7570.     1.3198750E-9
           7590.     1.3090189E-9
           7610.     1.2982582E-9
           7630.     1.2874312E-9
           7650.     1.2765792E-9
           7670.     1.2657829E-9
           7690.     1.2557955E-9
           7710.     1.2447896E-9
           7730.     1.2356084E-9
           7750.     1.2254503E-9
           7770.     1.1956783E-9
           7790.     1.2057843E-9
           7810.     1.1960393E-9
           7830.     1.1859959E-9
           7850.     1.1757343E-9
           7870.     1.1639327E-9
           7890.     1.1533661E-9
           7910.     1.1476912E-9
           7930.     1.1391111E-9
           7950.     1.1277819E-9
           7970.     1.1215749E-9
           7990.     1.1062283E-9
           8010.     1.1038558E-9
           8030.     1.0951257E-9
           8050.     1.0865412E-9
           8070.     1.0779201E-9
           8090.     1.0695143E-9
           8110.     1.0611424E-9
           8130.     1.0528756E-9
           8150.     1.0446768E-9
           8170.     1.0365456E-9
           8190.     1.0273971E-9
           8210.     1.0244858E-9
           8230.     1.0170881E-9
           8250.     1.0099912E-9
           8270.     1.0041856E-9
           8290.    9.9634223E-10
           8310.    9.8778097E-10
           8330.    9.7465847E-10
           8350.    9.6158281E-10
           8370.    9.4959196E-10
           8390.    9.3067209E-10
           8410.    9.1341396E-10
           8430.    9.0192104E-10
           8450.    8.9706537E-10
           8470.    8.6421953E-10
           8490.    8.9836416E-10
           8510.    8.3965740E-10
           8530.    9.0846636E-10
           8550.    7.9263379E-10
           8570.    9.3102287E-10
           8590.    8.3563206E-10
           8610.    8.1368373E-10
           8630.    9.4807928E-10
           8650.    8.8193025E-10
           8670.    7.2421524E-10
           8690.    9.1045826E-10
           8710.    9.5746233E-10
           8730.    8.9665453E-10
           8750.    6.9647765E-10
           8770.    8.4331891E-10
           8790.    9.3777530E-10
           8810.    9.4845432E-10
           8830.    9.1696145E-10
           8850.    7.9624018E-10
           8870.    6.7078249E-10
           8890.    8.5932617E-10
           8910.    9.1188757E-10
           8930.    9.1957553E-10
           8950.    9.1623181E-10
           8970.    8.9620100E-10
           8990.    8.3897989E-10
           9010.    6.5596550E-10
           9030.    7.1811612E-10
           9050.    8.4178492E-10
           9070.    8.6593926E-10
           9090.    8.6531293E-10
           9110.    8.6926333E-10
           9130.    8.6568436E-10
           9150.    8.5756063E-10
           9170.    8.4431012E-10
           9190.    8.1769402E-10
           9210.    7.4359047E-10
           9230.    5.7494787E-10
           9250.    7.1279727E-10
           9270.    7.8199142E-10
           9290.    8.0725282E-10
           9310.    8.0914742E-10
           9330.    8.0619422E-10
           9350.    8.0178281E-10
           9370.    7.9654672E-10
           9390.    7.8983109E-10
           9410.    7.7964163E-10
           9430.    7.7823753E-10
           9450.    7.7124274E-10
           9470.    7.6249485E-10
           9490.    7.4946344E-10
           9510.    7.2244893E-10
           9530.    6.4659961E-10
           9550.    5.1867033E-10
           9570.    6.5396261E-10
           9590.    7.0761430E-10
           9610.    7.1917755E-10
           9630.    7.1791362E-10
           9650.    7.1851852E-10
           9670.    7.1201173E-10
           9690.    7.1022499E-10
           9710.    7.0685424E-10
           9730.    7.0199374E-10
           9750.    6.9689554E-10
           9770.    6.9222661E-10
           9790.    6.8734496E-10
           9810.    6.8244865E-10
           9830.    6.7748929E-10
           9850.    6.7249206E-10
           9870.    6.6784273E-10
           9890.    6.6109085E-10
           9910.    6.5708738E-10
           9930.    6.5151667E-10
           9950.    6.4603273E-10
           9970.    6.3917155E-10
           9990.    6.2909228E-10
          10025.    5.6135191E-10
          10075.    5.3284294E-10
          10125.    6.0144351E-10
          10175.    5.9903682E-10
          10225.    5.9112809E-10
          10275.    5.8134481E-10
          10325.    5.7152444E-10
          10375.    5.6206240E-10
          10425.    5.5277660E-10
          10475.    5.4263710E-10
          10525.    5.3395688E-10
          10575.    5.2560489E-10
          10625.    5.1719906E-10
          10675.    5.0462451E-10
          10725.    4.9850263E-10
          10775.    4.9117910E-10
          10825.    4.8160675E-10
          10875.    4.6639687E-10
          10925.    3.8844633E-10
          10975.    4.2470766E-10
          11025.    4.4958445E-10
          11075.    4.4620366E-10
          11125.    4.4045789E-10
          11175.    4.3383871E-10
          11225.    4.2718948E-10
          11275.    4.1744816E-10
          11325.    4.1133733E-10
          11375.    4.0745718E-10
          11425.    4.0105880E-10
          11475.    3.9539763E-10
          11525.    3.8948383E-10
          11575.    3.8353468E-10
          11625.    3.7678788E-10
          11675.    3.7015949E-10
          11725.    3.6656547E-10
          11775.    3.5821363E-10
          11825.    3.5472092E-10
          11875.    3.4902820E-10
          11925.    3.4539813E-10
          11975.    3.3941136E-10
          12025.    3.3521561E-10
          12075.    3.2999944E-10
          12125.    3.2538441E-10
          12175.    3.2088138E-10
          12225.    3.1620551E-10
          12275.    3.1148600E-10
          12325.    3.0711053E-10
          12375.    3.0284150E-10
          12425.    2.9869177E-10
          12475.    2.9405603E-10
          12525.    2.9024738E-10
          12575.    2.8552555E-10
          12625.    2.8163460E-10
          12675.    2.7729952E-10
          12725.    2.7182126E-10
          12775.    2.5848482E-10
          12825.    2.2125653E-10
          12875.    2.5430111E-10
          12925.    2.5764593E-10
          12975.    2.5534355E-10
          13025.    2.5258481E-10
          13075.    2.4920205E-10
          13125.    2.4582247E-10
          13175.    2.4217611E-10
          13225.    2.3927527E-10
          13275.    2.3609167E-10
          13325.    2.3294902E-10
          13375.    2.2984668E-10
          13425.    2.2679705E-10
          13475.    2.2374745E-10
          13525.    2.2068539E-10
          13575.    2.1784057E-10
          13625.    2.1506934E-10
          13675.    2.1219476E-10
          13725.    2.0910722E-10
          13775.    2.0680066E-10
          13825.    2.0412914E-10
          13875.    2.0157596E-10
          13925.    1.9887270E-10
          13975.    1.9641908E-10
          14025.    1.9393574E-10
          14075.    1.9148264E-10
          14125.    1.8903581E-10
          14175.    1.8666542E-10
          14225.    1.8431200E-10
          14275.    1.8199846E-10
          14325.    1.7972407E-10
          14375.    1.7751098E-10
          14425.    1.7436580E-10
          14475.    1.7311851E-10
          14525.    1.7047194E-10
          14570.    1.6907793E-10
          14620.    1.6719903E-10
          14675.    1.6513105E-10
          14725.    1.6315670E-10
          14775.    1.6100110E-10
          14825.    1.5924441E-10
          14875.    1.5710477E-10
          14925.    1.5544303E-10
          14975.    1.5321411E-10
          15025.    1.5107370E-10
          15075.    1.4883438E-10
          15125.    1.4678542E-10
          15175.    1.4443417E-10
          15225.    1.4250531E-10
          15275.    1.4028687E-10
          15325.    1.3815425E-10
          15375.    1.3757474E-10
          15425.    1.3373604E-10
          15475.    1.3449949E-10
          15525.    1.3270983E-10
          15575.    1.2746833E-10
          15625.    1.3306341E-10
          15675.    1.2652507E-10
          15725.    1.2256232E-10
          15775.    1.2960215E-10
          15825.    1.2722935E-10
          15875.    1.1459709E-10
          15925.    1.2169563E-10
          15975.    1.2591769E-10
          16050.    1.2039943E-10
          16150.    1.1249964E-10
          16250.    1.1881332E-10
          16350.    1.1189681E-10
          16450.    1.0484441E-10
          16550.    1.1139287E-10
          16650.    1.0911947E-10
          16750.    1.0217604E-10
          16850.    9.5653714E-11
          16950.    1.0203282E-10
          17050.    1.0025034E-10
          17150.    9.8095546E-11
          17250.    9.5077141E-11
          17350.    8.3883671E-11
          17450.    8.9805254E-11
          17550.    8.9873990E-11
          17650.    8.8255979E-11
          17750.    8.6504817E-11
          17850.    8.4691532E-11
          17950.    8.2891305E-11
          18050.    8.0448800E-11
          18150.    7.1787742E-11
          18250.    7.5208430E-11
          18350.    7.6125835E-11
          18450.    7.4779065E-11
          18550.    7.3163656E-11
          18650.    7.1025401E-11
          18750.    6.3219485E-11
          18850.    6.7961393E-11
          18950.    6.7553074E-11
          19050.    6.6483694E-11
          19150.    6.5189798E-11
          19250.    6.3735538E-11
          19350.    6.1688710E-11
          19450.    5.5008199E-11
          19550.    5.9363077E-11
          19650.    5.9062998E-11
          19750.    5.8067631E-11
          19850.    5.7002351E-11
          19950.    5.5939538E-11
          20050.    5.4903210E-11
          20150.    5.3889272E-11
          20250.    5.2895494E-11
          20350.    5.1924836E-11
          20450.    5.0983485E-11
          20550.    5.0057951E-11
          20650.    4.9145712E-11
          20750.    4.8266679E-11
          20850.    4.7406520E-11
          20950.    4.6560013E-11
          21050.    4.5730589E-11
          21150.    4.4895324E-11
          21250.    4.4104376E-11
          21350.    4.3339114E-11
          21450.    4.2488270E-11
          21550.    4.1295654E-11
          21650.    3.7130569E-11
          21750.    3.9559224E-11
          21850.    3.9600906E-11
          21950.    3.9071444E-11
          22050.    3.8403732E-11
          22150.    3.7738330E-11
          22250.    3.7124061E-11
          22350.    3.6501874E-11
          22450.    3.5893000E-11
          22550.    3.5290233E-11
          22650.    3.4711789E-11
          22750.    3.4138956E-11
          22850.    3.3599502E-11
          22950.    3.3054778E-11
          23050.    3.2524400E-11
          23150.    3.2001499E-11
          23250.    3.1490706E-11
          23350.    3.0986182E-11
          23450.    3.0491658E-11
          23550.    2.9998906E-11
          23650.    2.9510443E-11
          23750.    2.9014563E-11
          23850.    2.8534610E-11
          23950.    2.8054689E-11
          24050.    2.7589047E-11
          24150.    2.7116866E-11
          24250.    2.6673462E-11
          24350.    2.6250261E-11
          24450.    2.5778529E-11
          24550.    2.5467737E-11
          24650.    2.4964216E-11
          24750.    2.4617360E-11
          24850.    2.4426849E-11
          24950.    2.3577546E-11
          25050.    2.4078732E-11
          25150.    2.3477040E-11
          25250.    2.2364147E-11
          25350.    2.2640020E-11
          25450.    2.2546487E-11
          25550.    2.1947347E-11
          25650.    2.0848705E-11
          25750.    2.1400041E-11
          25850.    2.1296935E-11
          25950.    2.0945683E-11
          26050.    2.0181547E-11
          26150.    1.9129297E-11
          26250.    1.8201760E-11
          26350.    1.9380646E-11
          26450.    1.9494604E-11
          26550.    1.9234201E-11
          26650.    1.8697361E-11
          26750.    1.7419156E-11
          26850.    1.8175461E-11
          26950.    1.8204918E-11
          27050.    1.8009004E-11
          27150.    1.7785559E-11
          27250.    1.7524145E-11
          27350.    1.7232198E-11
          27450.    1.6844092E-11
          27550.    1.5622252E-11
          27650.    1.5946746E-11
          27750.    1.6244834E-11
          27850.    1.6109027E-11
          27950.    1.5917982E-11
          28050.    1.5701817E-11
          28150.    1.5489499E-11
          28250.    1.5280081E-11
          28350.    1.5075566E-11
          28450.    1.4845713E-11
          28550.    1.4581867E-11
          28650.    1.4028652E-11
          28750.    1.3130818E-11
          28850.    1.3889508E-11
          28950.    1.3857821E-11
          29050.    1.3728939E-11
          29150.    1.3545175E-11
          29250.    1.3374837E-11
          29350.    1.3201604E-11
          29450.    1.3030681E-11
          29550.    1.2862570E-11
          29650.    1.2696962E-11
          29750.    1.2534080E-11
          29850.    1.2373884E-11
          29950.    1.2215542E-11
          30050.    1.2058512E-11
          30150.    1.1869740E-11
          30250.    1.1629358E-11
          30350.    1.0824923E-11
          30450.    1.0914611E-11
          30550.    1.1226369E-11
          30650.    1.1155481E-11
          30750.    1.1040120E-11
          30850.    1.0900380E-11
          30950.    1.0769071E-11
          31050.    1.0636303E-11
          31150.    1.0504774E-11
          31250.    1.0375670E-11
          31350.    1.0251099E-11
          31450.    1.0124580E-11
          31550.    1.0004405E-11
          31650.    9.8839071E-12
          31750.    9.7635606E-12
          31850.    9.6475362E-12
          31950.    9.5318510E-12
          32100.    9.3616928E-12
          32300.    9.1411028E-12
          32500.    8.9265470E-12
          32700.    8.6904329E-12
          32900.    8.0577515E-12
          33100.    8.1533929E-12
          33300.    8.0982738E-12
          33500.    7.9243070E-12
          33700.    7.7452151E-12
          33900.    7.5734558E-12
          34100.    7.4059916E-12
          34300.    7.2423035E-12
          34500.    7.0826912E-12
          34700.    6.9264624E-12
          34900.    6.7737239E-12
          35100.    6.6241982E-12
          35300.    6.4798744E-12
          35500.    6.3383756E-12
          35700.    6.1972367E-12
          35900.    6.0710386E-12
          36100.    5.9290663E-12
          36300.    5.8186888E-12
          36500.    5.6726824E-12
          36700.    5.5880305E-12
          36900.    5.4187249E-12
          37100.    5.3469945E-12
          37300.    5.1093778E-12
          37500.    4.9228920E-12
          37700.    5.0328938E-12
          37900.    4.9496999E-12
          38100.    4.7834445E-12
          38300.    4.6974724E-12
          38500.    4.6650969E-12
          38700.    4.5747091E-12
          38900.    4.4536800E-12
          39100.    4.2768744E-12
          39300.    4.2983160E-12
          39500.    4.2362528E-12
          39700.    4.1554230E-12
          39900.    4.0740800E-12
          40100.    3.9109861E-12
          40300.    3.8120262E-12
          40500.    3.6586133E-12
          40700.    3.7453968E-12
          40900.    3.6994596E-12
          41100.    3.6327100E-12
          41300.    3.5618496E-12
          41500.    3.4724315E-12
          41700.    3.2918722E-12
          41900.    3.3420376E-12
          42100.    3.3065209E-12
          42300.    3.2487105E-12
          42500.    3.1897612E-12
          42700.    3.1321573E-12
          42900.    3.0757413E-12
          43100.    3.0207403E-12
          43300.    2.9666217E-12
          43500.    2.9012181E-12
          43700.    2.7486776E-12
          43900.    2.7627666E-12
          44100.    2.7581511E-12
          44300.    2.7148936E-12
          44500.    2.6676788E-12
          44700.    2.6327059E-12
          44900.    2.5871935E-12
          45100.    2.5429593E-12
          45300.    2.4994043E-12
          45500.    2.4569684E-12
          45700.    2.4151776E-12
          45900.    2.3743548E-12
          46100.    2.3312775E-12
          46300.    2.2783479E-12
          46500.    2.1343396E-12
          46700.    2.0997462E-12
          46900.    2.1534441E-12
          47100.    2.1421749E-12
          47300.    2.1121431E-12
          47500.    2.0775491E-12
          47700.    2.0438727E-12
          47900.    2.0108886E-12
          48100.    1.9784836E-12
          48300.    1.9467455E-12
          48500.    1.9155630E-12
          48700.    1.8851227E-12
          48900.    1.8552135E-12
          49100.    1.8258249E-12
          49300.    1.7971410E-12
          49500.    1.7689564E-12
          49700.    1.7413556E-12
          49900.    1.7142339E-12
          50100.    1.6876760E-12
          50300.    1.6616711E-12
          50500.    1.6361160E-12
          50700.    1.6110031E-12
          50900.    1.5838792E-12
          51100.    1.5443717E-12
          51300.    1.4589851E-12
          51500.    1.5026062E-12
          51700.    1.4913545E-12
          51900.    1.4703889E-12
          52100.    1.4484043E-12
          52300.    1.4268838E-12
          52500.    1.4058186E-12
          52700.    1.3850316E-12
          52900.    1.3646859E-12
          53100.    1.3447734E-12
          53300.    1.3251205E-12
          53500.    1.3058875E-12
          53700.    1.2869036E-12
          53900.    1.2684073E-12
          54100.    1.2501487E-12
          54300.    1.2322041E-12
          54500.    1.2146464E-12
          54700.    1.1973121E-12
          54900.    1.1803536E-12
          55100.    1.1636864E-12
          55300.    1.1473058E-12
          55500.    1.1312066E-12
          55700.    1.1153847E-12
          55900.    1.0998345E-12
          56100.    1.0846266E-12
          56300.    1.0696068E-12
          56500.    1.0548454E-12
          56700.    1.0404112E-12
          56900.    1.0261536E-12
          57100.    1.0121420E-12
          57300.    9.9837185E-13
          57500.    9.8483960E-13
          57700.    9.7154110E-13
          57900.    9.5847245E-13
          58100.    9.4562986E-13
          58300.    9.3294090E-13
          58500.    9.2252790E-13
          58700.    9.0814991E-13
          58900.    8.8657429E-13
          59100.    8.4001393E-13
          59300.    8.6684826E-13
          59500.    8.6195818E-13
          59700.    8.5197978E-13
          59900.    8.4087289E-13
          60100.    8.2995969E-13
          60300.    8.1923688E-13
          60500.    8.0863761E-13
          60700.    7.9822368E-13
          60900.    7.8799207E-13
          61100.    7.7794010E-13
          61300.    7.6800220E-13
          61500.    7.5823907E-13
          61700.    7.4864767E-13
          61900.    7.3922547E-13
          62100.    7.2990892E-13
          62300.    7.2075706E-13
          62500.    7.1176729E-13
          62700.    7.0287716E-13
          62900.    6.9414510E-13
          63100.    6.8556819E-13
          63300.    6.7708577E-13
          63500.    6.6875449E-13
          63700.    6.6057224E-13
          63900.    6.5247926E-13
          64200.    6.4058958E-13
          64600.    6.2514783E-13
          65000.    6.1014767E-13
          65400.    5.9563107E-13
          65800.    5.8152972E-13
          66200.    5.6783170E-13
          66600.    5.5457852E-13
          67000.    5.4165255E-13
          67400.    5.2914861E-13
          67800.    5.1695204E-13
          68200.    5.0515570E-13
          68600.    4.9365828E-13
          69000.    4.8250130E-13
          69400.    4.7165565E-13
          69800.    4.6111769E-13
          70200.    4.5086957E-13
          70600.    4.4089867E-13
          71000.    4.3121631E-13
          71400.    4.2177790E-13
          71800.    4.1261347E-13
          72200.    4.0366617E-13
          72600.    3.9499285E-13
          73000.    3.8655526E-13
          73400.    3.7832991E-13
          73800.    3.7031573E-13
          74200.    3.6139513E-13
          74600.    3.4330633E-13
          75000.    3.3594213E-13
          75400.    3.3907247E-13
          75800.    3.3335140E-13
          76200.    3.2652342E-13
          76600.    3.1986745E-13
          77000.    3.1337934E-13
          77400.    3.0705484E-13
          77800.    3.0089004E-13
          78200.    2.9487721E-13
          78600.    2.8901642E-13
          79000.    2.8329650E-13
          79400.    2.7771790E-13
          79800.    2.7227710E-13
          80200.    2.6697083E-13
          80600.    2.6178880E-13
          81000.    2.5673514E-13
          81400.    2.5179986E-13
          81800.    2.4698361E-13
          82200.    2.4228368E-13
          82600.    2.3769392E-13
          83000.    2.3321183E-13
          83400.    2.2883160E-13
          83800.    2.2455086E-13
          84200.    2.2038068E-13
          84600.    2.1630537E-13
          85000.    2.1231953E-13
          85400.    2.0842445E-13
          85800.    2.0461811E-13
          86200.    2.0090167E-13
          86600.    1.9726693E-13
          87000.    1.9371211E-13
          87400.    1.9023848E-13
          87800.    1.8684434E-13
          88200.    1.8352187E-13
          88600.    1.8027261E-13
          89000.    1.7709788E-13
          89400.    1.7399318E-13
          89800.    1.7095408E-13
          90200.    1.6798214E-13
          90600.    1.6507307E-13
          91000.    1.6222553E-13
          91400.    1.5944104E-13
          91800.    1.5671833E-13
          92200.    1.5405053E-13
          92600.    1.5143934E-13
          93000.    1.4888351E-13
          93400.    1.4638198E-13
          93800.    1.4393091E-13
          94200.    1.4153201E-13
          94600.    1.3918417E-13
          95000.    1.3688374E-13
          95400.    1.3462727E-13
          95800.    1.3242151E-13
          96200.    1.3026039E-13
          96600.    1.2814047E-13
          97000.    1.2606600E-13
          97400.    1.2403113E-13
          97800.    1.2203995E-13
          98200.    1.2008677E-13
          98600.    1.1817087E-13
          99000.    1.1629631E-13
          99400.    1.1445750E-13
          99800.    1.1265384E-13
         100200.    1.1088460E-13
         200000.    7.1150776E-15
         400000.    4.4386387E-16
         600000.    8.7098267E-17
         800000.    2.7376570E-17
        1000000.    1.1146466E-17
        1200000.    5.3466217E-18
        1400000.    2.8719146E-18
        1600000.    1.6761649E-18

