# This is the Trauger, colour dependent, distortion desciption
# for the PC
trauger
 0.0          0.0          0.0
 9.911256e-1 -7.092940e-2  1.649340e-2
 8.572069e-4 -8.436733e-5 -3.240028e-5
-1.257008e-6 -1.247533e-6  2.328061e-6
-1.799546e-7  8.286668e-8  5.469528e-7
-1.097888e-6 -1.326157e-6  1.593201e-6
-4.117087e-8 -4.547278e-8  3.914136e-8
 0.0          0.0          0.0
-4.117416e-8 -4.525785e-8  3.829853e-8
 0.0          0.0          0.0
 
 0.0          0.0          0.0
 8.572069e-4 -8.436733e-5 -3.240028e-5
 9.911256e-1 -7.092940e-2  1.649340e-2
-1.097888e-6 -1.326157e-6  1.593201e-6
-1.799546e-7  8.286668e-8  5.469528e-7
-1.257008e-6 -1.247533e-6  2.328061e-6
 0.0          0.0          0.0
-4.117416e-8 -4.525785e-8  3.829853e-8
 0.0          0.0          0.0
-4.117087e-8 -4.547278e-8  3.914136e-8
